     0/149     1.87G   0.09611    0.1236   0.01885    0.2386         6       416  0.005385    0.2351  0.009933  0.002007     0.094     1.034   0.02266
     1/149     1.92G   0.07252    0.1103   0.01505    0.1978         4       416   0.07996    0.4138    0.1223    0.0291   0.07138    0.1356   0.01442
     2/149     1.92G   0.06516     0.103   0.01333    0.1815         6       416    0.1551    0.3519     0.188   0.05635   0.06288    0.1658     1.868
     3/149     1.92G   0.06234    0.1001   0.01217    0.1746         2       416    0.1216    0.5958    0.3713    0.1217   0.05531    0.1019  0.009345
     4/149     1.92G   0.06073   0.09477   0.01192    0.1674         7       416    0.1018    0.5661    0.3404    0.1163   0.05256    0.1043   0.01257
     5/149     1.92G   0.05795   0.09562   0.01127    0.1648         8       416    0.1913     0.648    0.4297    0.2052     0.045   0.08617   0.01223
     6/149     1.92G   0.05697   0.09394   0.01023    0.1611        10       416    0.1493    0.6204     0.448    0.1934   0.05278   0.09301   0.01056
     7/149     1.92G   0.05603    0.0903   0.01045    0.1568         4       416    0.1974    0.6923    0.5164    0.2104   0.04469   0.07888  0.008537
     8/149     1.92G   0.05598   0.09155   0.01024    0.1578         9       416    0.1848    0.6588    0.4226    0.1539   0.05163   0.09178  0.009338
     9/149     1.92G   0.05362   0.08952  0.009384    0.1525         3       416    0.3215    0.6561    0.5943    0.3105   0.04281   0.07117  0.006897
    10/149     1.92G   0.05197   0.09066  0.008852    0.1515        15       416     0.225     0.695    0.5524    0.2713   0.04431   0.08113  0.008186
    11/149     1.92G   0.05202   0.08967  0.008444    0.1501         9       416    0.2026    0.5849    0.3653    0.1938    0.0625    0.1342   0.02561
    12/149     1.92G   0.05166   0.09001  0.008326      0.15        30       416    0.3192    0.6949    0.5905     0.274   0.04139   0.07369  0.006527
    13/149     1.92G   0.05096   0.08862  0.007901    0.1475        18       416    0.3856    0.6629    0.6062    0.3331   0.03882      0.07  0.007772
    14/149     1.92G   0.04907   0.08573  0.008315    0.1431         9       416    0.2902    0.7018    0.6021    0.2907   0.04161   0.07369   0.00763
    15/149     1.92G   0.04973    0.0863  0.008197    0.1442        10       416    0.3509    0.6708    0.6014    0.2839   0.04278   0.06867  0.009436
    16/149     1.92G    0.0486   0.08544  0.007399    0.1414         7       416    0.3753    0.6732    0.5861     0.309   0.04136   0.07099  0.008631
    17/149     1.92G   0.04776   0.08574  0.007805    0.1413        30       416    0.4208     0.666    0.6235    0.3226   0.04036     0.073  0.007099
    18/149     1.92G   0.04745   0.08763  0.007676    0.1428        14       416    0.3439    0.6906    0.6078    0.3031   0.04064   0.07088  0.006435
    19/149     1.92G   0.04931   0.08613  0.007485    0.1429        14       416     0.399    0.6315    0.5884    0.3171   0.04051   0.07228  0.008539
    20/149     1.92G   0.04729   0.08277  0.007769    0.1378        14       416    0.2983    0.7558    0.6389    0.3422   0.03799   0.07182  0.006445
    21/149     1.92G   0.04723    0.0855  0.007293      0.14        17       416    0.3872    0.7409     0.664    0.3493   0.03858   0.06896  0.005026
    22/149     1.92G   0.04747   0.08221  0.007049    0.1367         5       416    0.4012     0.689    0.6513    0.3515   0.03671   0.06792  0.007798
    23/149     1.92G   0.04657   0.08373  0.007181    0.1375        13       416    0.3999    0.6756     0.603    0.2977   0.05688   0.06585   0.02469
    24/149     1.92G   0.04777   0.08495  0.006927    0.1396        17       416    0.4425    0.6739     0.635    0.3482   0.03807   0.06835  0.007543
    25/149     1.92G    0.0462    0.0802  0.006676    0.1331        12       416    0.4342    0.7115     0.642     0.356   0.03649   0.06712  0.005659
    26/149     1.92G   0.04663   0.08349  0.006852     0.137         5       416     0.339    0.7199    0.6564    0.3523   0.03693   0.06837  0.006483
    27/149     1.92G   0.04683   0.08437  0.006941    0.1381        18       416    0.4281    0.6867    0.6359    0.3422   0.03786   0.06841   0.00514
    28/149     1.92G   0.04618   0.08123  0.006372    0.1338        13       416    0.4458     0.723    0.6748    0.3693   0.03605   0.06795  0.004479
    29/149     1.92G   0.04598   0.08267  0.007131    0.1358        21       416    0.4492    0.6811    0.6503    0.3628   0.03662   0.06813  0.008385
    30/149     1.92G   0.04546   0.08323  0.006405    0.1351        29       416    0.4665    0.6977     0.667    0.3867   0.03607   0.06791  0.005601
    31/149     1.92G   0.04536   0.08039  0.006404    0.1322        22       416    0.3969    0.7238    0.6687    0.3682   0.03627   0.06804   0.00476
    32/149     1.92G   0.04552   0.08052  0.006836    0.1329         5       416     0.368    0.6889    0.6223    0.3276   0.03825   0.07077  0.006591
    33/149     1.92G    0.0463   0.08139  0.006588    0.1343         3       416    0.4616    0.6754    0.6589    0.3676   0.03661   0.06744  0.006141
    34/149     1.92G   0.04548   0.08334  0.006157     0.135        20       416    0.3917     0.712    0.6576    0.3708   0.03529   0.06743  0.005531
    35/149     1.92G   0.04466   0.08106    0.0062    0.1319         8       416    0.4684    0.6845    0.6516    0.3786   0.03615   0.06695   0.00469
    36/149     1.92G   0.04518   0.08221  0.006122    0.1335         3       416    0.4511    0.7259    0.6776    0.3717   0.03528   0.06577  0.005295
    37/149     1.92G   0.04435   0.08058  0.005882    0.1308        19       416    0.3682    0.7322    0.6861    0.3837   0.03804   0.06963  0.004182
    38/149     1.92G   0.04484   0.08079  0.005999    0.1316        20       416      0.34    0.7004     0.449    0.2515   0.03618    0.2933  0.005134
    39/149     1.92G   0.04443   0.08104  0.005825    0.1313         3       416    0.4517    0.6886     0.658    0.3831   0.03488   0.06756  0.004675
    40/149     1.92G   0.04325    0.0787  0.006012     0.128        17       416    0.4772    0.6824    0.6649     0.381    0.0359   0.06554   0.01016
    41/149     1.92G    0.0445   0.07951  0.006445    0.1305         8       416    0.4512     0.684    0.6179    0.3408   0.03762   0.06666  0.006598
    42/149     1.92G   0.04452   0.07977  0.005778    0.1301         3       416     0.426    0.7295    0.6875    0.3891   0.03523    0.0657  0.005299
    43/149     1.92G   0.04353   0.07765  0.005692    0.1269        14       416    0.4857    0.6801    0.6679     0.373   0.03587   0.06562  0.006567
    44/149     1.92G   0.04335    0.0797  0.005595    0.1286        15       416    0.4288    0.7551    0.7026    0.3862    0.0346     0.067  0.005063
    45/149     1.92G   0.04355   0.07951  0.005753    0.1288         6       416    0.6081    0.6758    0.6773    0.3886   0.03483   0.06614   0.00651
    46/149     1.92G    0.0423   0.07812  0.005528    0.1259        10       416    0.4548    0.7175    0.6819    0.3905   0.03442   0.06566  0.006166
    47/149     1.92G   0.04289   0.07749  0.005717    0.1261        11       416    0.4874    0.7123    0.6692    0.3867   0.03563   0.06762  0.006018
    48/149     1.92G   0.04323   0.08046  0.005401    0.1291        26       416    0.4536     0.691    0.6673    0.3929   0.03557    0.0664  0.006261
    49/149     1.92G   0.04334   0.07765  0.005686    0.1267        11       416    0.4296    0.7418    0.6973    0.4036   0.03451   0.06607  0.006256
    50/149     1.92G   0.04319   0.08022  0.005426    0.1288         5       416    0.4588    0.6912    0.6613    0.3749   0.03476   0.06726  0.006793
    51/149     1.92G   0.04273   0.07916  0.005522    0.1274        28       416     0.502    0.7061    0.6839    0.3916   0.03556   0.06485  0.005893
    52/149     1.92G   0.04222   0.07754   0.00547    0.1252        29       416    0.4944    0.7166     0.677    0.3919   0.03406   0.06719  0.005376
    53/149     1.92G   0.04188   0.07839  0.005187    0.1255        12       416    0.5174    0.6813     0.676    0.3887   0.03453    0.0667  0.005178
    54/149     1.92G   0.04206   0.07689  0.005091     0.124        14       416    0.4529    0.6852    0.6639    0.4005   0.03398   0.06704  0.007023
    55/149     1.92G   0.04196   0.07822  0.005242    0.1254        19       416    0.4583    0.7143    0.6827     0.404   0.03426   0.06661  0.004469
    56/149     1.92G   0.04245   0.08013  0.005009    0.1276        31       416    0.4686    0.7022    0.6797    0.4007   0.03437   0.06722  0.006317
    57/149     1.92G   0.04306   0.08032  0.005391    0.1288        27       416    0.3572     0.768    0.6975    0.4033   0.03359   0.06719  0.004749
    58/149     1.92G   0.04176   0.07629  0.004925     0.123         3       416    0.5075    0.7192    0.6786    0.3946   0.03494   0.06722  0.005022
    59/149     1.92G   0.04216   0.07898  0.005358    0.1265        13       416    0.4306    0.7331    0.6898    0.4041    0.0338   0.06545  0.005988
    60/149     1.92G   0.04126   0.07803   0.00527    0.1246        18       416    0.4539    0.7302    0.6969    0.4054   0.03357   0.06615  0.005341
    61/149     1.92G   0.04176   0.07762  0.004804    0.1242        23       416    0.4307    0.7128    0.6841    0.3938   0.03353   0.06824  0.005315
    62/149     1.92G   0.04167   0.07975  0.005029    0.1264        52       416    0.4406    0.7073    0.6825    0.3954    0.0344   0.06577  0.007099
    63/149     1.92G   0.04076   0.07713  0.004916    0.1228        20       416     0.443    0.7102    0.6616    0.3929   0.03339   0.06594  0.006259
    64/149     1.92G   0.04173   0.07535  0.004688    0.1218        12       416    0.4802    0.7006    0.6799    0.4111   0.03398   0.06488  0.005835
    65/149     1.92G   0.04114   0.07721   0.00518    0.1235        21       416    0.4991    0.7281    0.7043      0.41   0.03246    0.0646  0.004382
    66/149     1.92G   0.04117   0.07771  0.004825    0.1237         7       416    0.5157    0.7119    0.6895    0.4012   0.03269   0.06544  0.006354
    67/149     1.92G   0.04137   0.07579  0.004816     0.122        10       416    0.4472    0.7514    0.7061    0.4213   0.03238   0.06456  0.004422
    68/149     1.92G   0.04125   0.07528  0.004945    0.1215        14       416    0.5501    0.7061    0.6858    0.4029   0.03309   0.06489  0.006616
    69/149     1.92G   0.04059   0.07579  0.005021    0.1214        12       416    0.4654    0.7172    0.6972    0.4128   0.03232    0.0656  0.004506
    70/149     1.92G   0.04045   0.07549  0.004976    0.1209        12       416    0.5184    0.7179    0.6947    0.4172   0.03272    0.0656  0.005147
    71/149     1.92G   0.04066   0.07384  0.004556    0.1191        12       416    0.4938    0.7085    0.6973    0.4176   0.03313   0.06514   0.00503
    72/149     1.92G   0.04045   0.07575  0.004808     0.121        26       416    0.4156    0.7138    0.6933    0.4052   0.03374   0.06654  0.004331
    73/149     1.92G   0.04071   0.07679  0.004975    0.1225         4       416    0.4884    0.7247    0.6937    0.4122   0.03223   0.06428  0.004781
    74/149     1.92G   0.04048   0.07668  0.005117    0.1223         7       416     0.366    0.7451    0.6949    0.4054   0.03385   0.06599  0.007071
    75/149     1.92G    0.0405   0.07452  0.004513    0.1195         8       416    0.5257    0.7145       0.7    0.4202   0.03287   0.06541  0.004582
    76/149     1.92G   0.03991   0.07428  0.004638    0.1188        18       416    0.5742    0.6936    0.6865    0.4099   0.03268   0.06499  0.004687
    77/149     1.92G    0.0396   0.07391  0.004443     0.118         3       416    0.5057    0.7384    0.6979     0.427   0.03198   0.06545  0.004423
    78/149     1.92G   0.03902   0.07231  0.004604    0.1159         7       416    0.5155    0.7145    0.6969    0.4192    0.0319    0.0657  0.007269
    79/149     1.92G   0.03972   0.07352  0.004735     0.118        15       416    0.4377     0.724    0.6827    0.4126   0.03299   0.06611  0.005248
    80/149     1.92G   0.04029   0.07593  0.004828     0.121         9       416    0.4663    0.7263    0.6979    0.4113    0.0338   0.06516  0.004764
    81/149     1.92G   0.03966   0.07317  0.004735    0.1176         8       416     0.485    0.7263    0.6989    0.4165   0.03179   0.06426  0.004445
    82/149     1.92G   0.03864    0.0732  0.004156     0.116        15       416     0.479    0.7343    0.7036    0.4164   0.03214   0.06462  0.003905
    83/149     1.92G   0.04047   0.07366  0.004405    0.1185        28       416    0.4841    0.7227    0.7011    0.4246   0.03294   0.06437   0.00391
    84/149     1.92G   0.03973   0.07373  0.004377    0.1178        12       416    0.5014     0.724    0.6987    0.4267   0.03277   0.06471  0.003833
    85/149     1.92G   0.03918   0.07255  0.004488    0.1162        25       416    0.5585    0.7186    0.7072    0.4208   0.03206    0.0637   0.00402
    86/149     1.92G   0.03941   0.07499  0.004068    0.1185        12       416    0.4686    0.7379    0.7037    0.4208    0.0312    0.0656  0.004086
    87/149     1.92G   0.03972    0.0751   0.00424    0.1191        13       416    0.5366     0.742    0.7249    0.4415   0.03117   0.06358  0.003986
    88/149     1.92G   0.03827   0.07229  0.004735    0.1153        18       416    0.5409     0.716    0.7036    0.4159   0.03215   0.06422  0.005299
