     0/299     1.88G   0.09596    0.1238   0.01881    0.2386         6       416    0.1539    0.2742   0.02118  0.004384   0.09029    0.3782   0.02629
     1/299     1.92G   0.07301    0.1103   0.01485    0.1982         4       416   0.03936     0.517    0.1258    0.0294    0.0699    0.1318   0.01531
     2/299     1.92G   0.06596    0.1029   0.01339    0.1822         6       416    0.1273    0.5336    0.2962     0.112   0.05385    0.1212    0.0113
     3/299     1.92G   0.06103   0.09914   0.01193    0.1721         2       416    0.1179    0.7035    0.3892    0.1437     0.054   0.09678  0.009583
     4/299     1.92G   0.06089   0.09503   0.01144    0.1674         7       416    0.1192    0.4569     0.269    0.1081   0.05511    0.1069    0.0102
     5/299     1.92G   0.05815   0.09645   0.01103    0.1656         8       416    0.1987    0.6727     0.501    0.2153   0.04539     0.082  0.008833
     6/299     1.92G   0.05803   0.09397    0.0102    0.1622        10       416    0.1922    0.6175    0.4681    0.1649   0.05037   0.08173  0.008326
     7/299     1.92G   0.05699   0.09026   0.01007    0.1573         4       416    0.1958    0.6765    0.4681    0.2045   0.04691   0.08073   0.01419
     8/299     1.92G   0.05621   0.09117   0.01007    0.1575         9       416    0.2898    0.6258    0.5436    0.2057   0.05053   0.07624  0.008468
     9/299     1.92G   0.05329   0.08897  0.008853    0.1511         3       416    0.3309    0.6289     0.568    0.2818   0.04462   0.07446  0.007576
    10/299     1.92G   0.05275   0.09076   0.00869    0.1522        15       416    0.2495    0.6975    0.6054     0.306   0.04276   0.07299   0.00819
    11/299     1.92G   0.05099   0.08897   0.00852    0.1485         9       416    0.2246    0.6563     0.586    0.3112   0.05357   0.07497   0.01098
    12/299     1.92G   0.05183   0.08979  0.008444    0.1501        30       416    0.3224    0.7238    0.6025    0.2704   0.04451   0.07102  0.008921
    13/299     1.92G   0.05167   0.08916  0.008062    0.1489        18       416    0.3717    0.6696    0.6008    0.2868    0.0408   0.07141  0.007341
    14/299     1.92G     0.049   0.08543  0.008374    0.1428         9       416    0.2594    0.7023    0.6026    0.3036   0.04086   0.07465  0.007547
    15/299     1.92G   0.04926   0.08605  0.007958    0.1433        10       416    0.4015    0.6424    0.5991    0.3115   0.04045   0.07137  0.007692
    16/299     1.92G   0.04887   0.08581   0.00746    0.1421         7       416    0.3614    0.6964    0.6252    0.3436   0.04002    0.0687  0.006453
    17/299     1.92G   0.04764   0.08588  0.007298    0.1408        30       416     0.445    0.6993    0.6485    0.3443     0.039   0.07073  0.006718
    18/299     1.92G   0.04782   0.08749  0.007524    0.1428        14       416    0.3675    0.6903    0.6295    0.3043    0.0413   0.06921  0.005856
    19/299     1.92G   0.04933   0.08612   0.00708    0.1425        14       416    0.4322    0.6658    0.6154    0.3363   0.03833   0.06986  0.006954
    20/299     1.92G   0.04762   0.08238  0.007391    0.1374        14       416    0.3069    0.7332    0.5853    0.3028   0.03814   0.07309  0.007421
    21/299     1.92G   0.04755   0.08562  0.007356    0.1405        17       416    0.3858    0.6727     0.623     0.339   0.03865   0.06949   0.00707
    22/299     1.92G   0.04764   0.08225  0.007088     0.137         5       416    0.3473    0.7134    0.6531    0.3549   0.03855    0.0701  0.006675
    23/299     1.92G   0.04679   0.08379  0.007025    0.1376        13       416    0.4297    0.6964    0.6462     0.355   0.03735   0.06889  0.006305
    24/299     1.92G   0.04789   0.08492  0.006945    0.1398        17       416    0.4505    0.6787    0.6393    0.3356   0.03835   0.06992  0.006133
    25/299     1.92G   0.04648   0.08055  0.006933     0.134        12       416    0.3878    0.7232    0.6391    0.3312   0.03703   0.06833   0.00524
    26/299     1.92G   0.04695   0.08362  0.007049    0.1376         5       416    0.4034    0.7216    0.6768    0.3525   0.03726   0.06808  0.005344
    27/299     1.92G   0.04951    0.0888  0.007242    0.1456        18       416    0.1912   0.07542   0.06139   0.02905       nan       nan       nan
    28/299     1.92G   0.04805   0.08404  0.006978    0.1391        13       416    0.4194     0.708    0.6336    0.3386   0.03787    0.0693  0.006516
    29/299     1.92G   0.04705   0.08436  0.007049    0.1385        21       416    0.4944    0.6477    0.6264    0.3443   0.03972    0.0698  0.005692
    30/299     1.92G   0.04688   0.08512  0.006339    0.1383        29       416    0.3905    0.7133    0.6709    0.3608   0.03808   0.06887  0.006474
    31/299     1.92G   0.04498   0.07995  0.006146    0.1311        22       416    0.3961    0.7091    0.6491     0.357   0.03721   0.06792  0.005658
    32/299     1.92G   0.04546   0.07961  0.006012    0.1311         5       416    0.4675    0.6792     0.654    0.3609   0.03663   0.06833  0.004844
    33/299     1.92G    0.0455   0.08123  0.006817    0.1335         3       416    0.5152     0.671    0.6659    0.3759   0.03664    0.0675  0.006953
    34/299     1.92G   0.04582   0.08383  0.006218    0.1359        20       416    0.4539    0.6961    0.6629    0.3653   0.03616   0.06682  0.004954
    35/299     1.92G   0.04478   0.08125  0.006025    0.1321         8       416    0.3963    0.7392     0.658    0.3681   0.03697    0.0677  0.004886
    36/299     1.92G   0.04589   0.08257  0.006289    0.1347         3       416    0.4589    0.6685    0.6587     0.356   0.03648    0.0659  0.007166
    37/299     1.92G   0.04489    0.0816  0.005984    0.1325        19       416    0.4841    0.6804    0.6694    0.3686   0.03691    0.0676  0.005153
    38/299     1.92G   0.04529   0.08255  0.006474    0.1343        20       416      0.41    0.6835    0.6482    0.3732   0.03673   0.06812  0.005828
    39/299     1.92G   0.04499   0.08271  0.006002    0.1337         3       416    0.4327    0.7175    0.6584    0.3695   0.03627   0.06734   0.00525
    40/299     1.92G   0.04395    0.0794  0.005939    0.1293        17       416    0.4917    0.6617    0.6444    0.3585   0.03628   0.06643  0.007848
    41/299     1.92G   0.04428   0.08021  0.006424    0.1309         8       416     0.433    0.7275    0.6864    0.3907   0.03553   0.06689  0.004784
    42/299     1.92G   0.04459   0.08088  0.006036    0.1315         3       416    0.3968    0.7136    0.6698    0.3838   0.03551   0.06781  0.006159
    43/299     1.92G   0.04464   0.07852  0.005832     0.129        14       416    0.4327    0.6929    0.6607    0.3792   0.03496   0.06601  0.006384
    44/299     1.92G   0.04383   0.08043  0.005523    0.1298        15       416    0.4547    0.6811    0.6517    0.3663   0.03592   0.06696  0.005536
    45/299     1.92G   0.04459    0.0813  0.005989    0.1319         6       416    0.5338    0.6804    0.6792    0.3967   0.03448   0.06476  0.004522
    46/299     1.92G   0.04376   0.07942  0.005733    0.1289        10       416     0.447     0.723    0.6733    0.3966   0.03481   0.06486    0.0047
    47/299     1.92G   0.04385   0.07894   0.00565    0.1284        11       416    0.4258    0.7452    0.6916     0.394   0.03562   0.06808  0.005783
    48/299     1.92G   0.04418   0.08169  0.005568    0.1314        26       416    0.4743    0.7316    0.6969    0.3935   0.03393   0.06602  0.004163
    49/299     1.92G   0.04427   0.07859  0.005823    0.1287        11       416    0.4435     0.724    0.6885    0.3977   0.03443   0.06635  0.006013
    50/299     1.92G   0.04425   0.08166  0.005621    0.1315         5       416    0.4206     0.702    0.6704    0.3852   0.03578   0.06689  0.005848
    51/299     1.92G   0.04366   0.08023  0.005783    0.1297        28       416    0.4561    0.6902    0.6731    0.3799   0.03484   0.06634  0.005103
    52/299     1.92G   0.04345   0.07847  0.005855    0.1278        29       416    0.4894    0.6943    0.6678    0.3654   0.03665   0.06781   0.00633
    53/299     1.92G   0.04354   0.08001  0.005526    0.1291        12       416    0.3654    0.6715    0.6271    0.3647    0.0355   0.07194  0.007425
    54/299     1.92G   0.04359    0.0788  0.005693    0.1281        14       416    0.4507    0.7074    0.6723    0.3976   0.03386   0.06612  0.005915
    55/299     1.92G   0.04314   0.07969  0.005327    0.1282        19       416     0.412    0.7194    0.6654    0.3696   0.03704   0.06711  0.008003
    56/299     1.92G   0.04358   0.08175  0.005469    0.1308        31       416    0.4639    0.6924    0.6577    0.3785   0.03498   0.06658  0.007458
    57/299     1.92G   0.04371   0.08135  0.006051    0.1311        27       416    0.3693    0.7418    0.6846     0.387   0.03495   0.06953  0.006129
    58/299     1.92G   0.04282   0.07824  0.005662    0.1267         3       416    0.5242    0.6947    0.6727    0.3884   0.03546   0.06632  0.005579
    59/299     1.92G   0.04413   0.08183  0.005781    0.1317        13       416    0.4277    0.7182    0.6729    0.3854   0.03603    0.0672   0.00565
    60/299     1.92G   0.04292   0.08009  0.005646    0.1287        18       416    0.5223    0.7259    0.7036    0.4129   0.03315   0.06414  0.004624
    61/299     1.92G   0.04289   0.07936  0.005226    0.1275        23       416    0.4664    0.7129    0.6874    0.3889   0.03447   0.06619  0.004567
    62/299     1.92G   0.04276   0.08129  0.005254    0.1293        52       416     0.454    0.7109    0.6808    0.3883   0.03425   0.06695  0.006499
    63/299     1.92G   0.04199   0.07942  0.004986    0.1264        20       416    0.4879    0.7168    0.6758    0.3951   0.03425   0.06627  0.004253
    64/299     1.92G    0.0432   0.07731  0.005159    0.1257        12       416    0.4656     0.717    0.6917    0.3972   0.03405   0.06544  0.004952
    65/299     1.92G   0.04293   0.07908  0.005713    0.1277        21       416     0.482    0.7259    0.6975    0.4015   0.03416   0.06473  0.005173
    66/299     1.92G   0.04269   0.07979  0.005328    0.1278         7       416    0.4248    0.7441    0.6853    0.4049   0.03542   0.06492  0.006152
    67/299     1.92G    0.0428   0.07821  0.005546    0.1266        10       416    0.4693    0.7356     0.701    0.4124   0.03353   0.06474  0.004401
    68/299     1.92G   0.04276   0.07741  0.005676    0.1259        14       416    0.4648    0.7237    0.6905     0.391   0.03492   0.06511   0.00571
    69/299     1.92G   0.04204   0.07808  0.005325    0.1254        12       416    0.4706    0.7186    0.6973    0.4106   0.03357   0.06667  0.004363
    70/299     1.92G   0.04217   0.07795  0.005371    0.1255        12       416    0.4244    0.7393    0.6972    0.3977   0.03265   0.06639  0.004964
    71/299     1.92G   0.04197   0.07706  0.005338    0.1244        12       416    0.5107    0.7141    0.6939    0.4016   0.03366   0.06542  0.004761
    72/299     1.92G    0.0424   0.07838  0.005539    0.1263        26       416    0.4785    0.7107    0.6839    0.3974   0.03542   0.06707  0.004316
    73/299     1.92G   0.04213   0.07878   0.00514    0.1261         4       416    0.4228     0.737     0.684    0.4064   0.03397   0.06565   0.00517
    74/299     1.92G   0.04314   0.07923   0.00535    0.1277         7       416    0.4184    0.7374    0.6924    0.4086   0.03439   0.06508  0.005609
    75/299     1.92G   0.04247   0.07772  0.005457    0.1256         8       416    0.4388    0.7193    0.6956    0.4028   0.03465   0.06543   0.00554
    76/299     1.92G   0.04229   0.07699   0.00519    0.1245        18       416    0.4957    0.7197     0.667    0.3709   0.03515   0.06651  0.004938
    77/299     1.92G   0.04185   0.07703  0.005109     0.124         3       416    0.5282    0.7022    0.6955    0.4199   0.03324   0.06586   0.00516
    78/299     1.92G   0.04167   0.07573  0.005006    0.1224         7       416    0.4644    0.7249    0.6954    0.4187   0.03331   0.06397  0.004078
    79/299     1.92G   0.04243   0.07724  0.005177    0.1249        15       416    0.5069    0.6925     0.686    0.4081   0.03362   0.06447  0.006328
    80/299     1.92G   0.04278   0.07862  0.005267    0.1267         9       416    0.4259    0.7526    0.7107    0.4129   0.03327   0.06513  0.004149
    81/299     1.92G   0.04211   0.07689  0.005265    0.1243         8       416    0.4628     0.732    0.6947    0.4198   0.03279   0.06352  0.005592
    82/299     1.92G   0.04086   0.07639  0.004732     0.122        15       416    0.4759    0.7293    0.6947    0.4176   0.03295   0.06483  0.004016
    83/299     1.92G   0.04225   0.07637  0.005145    0.1238        28       416    0.4747    0.7396    0.6916    0.4107   0.03262   0.06437  0.003857
    84/299     1.92G   0.04247   0.07697  0.005028    0.1245        12       416    0.5211    0.7273     0.701    0.4144   0.03292   0.06429  0.004589
    85/299     1.92G   0.04142   0.07571  0.005061    0.1222        25       416    0.5126    0.7179    0.6994    0.4153   0.03231   0.06458  0.004774
    86/299     1.92G   0.04262    0.0785  0.004895     0.126        12       416      0.47    0.7163     0.684    0.4049   0.03362   0.06639   0.00596
    87/299     1.92G   0.04205   0.07775  0.005089    0.1249        13       416    0.4879     0.709    0.6801    0.4032   0.03292   0.06468  0.006318
    88/299     1.92G   0.04167   0.07681  0.006024    0.1245        18       416    0.4895    0.6967    0.6818     0.405   0.03287   0.06396  0.006635
    89/299     1.92G   0.04121   0.07722  0.005451    0.1239        11       416     0.431    0.7232    0.6849    0.4042   0.03255   0.06428  0.005751
    90/299     1.92G   0.04107   0.07698  0.005167    0.1232        19       416    0.5125     0.691    0.6814    0.4143   0.03314   0.06443  0.006532
    91/299     1.92G   0.04088   0.07725  0.005129    0.1233         2       416    0.5031    0.7191    0.6858    0.4099   0.03332   0.06394  0.005843
    92/299     1.92G   0.04045    0.0751   0.00502    0.1206        11       416    0.4815    0.6981    0.6923    0.4092   0.03307   0.06465  0.006317
    93/299     1.92G   0.04029   0.07529  0.004714    0.1203         9       416    0.5106    0.7129    0.6991    0.4145    0.0332   0.06479  0.005853
    94/299     1.92G   0.04059   0.07436  0.005427    0.1204         2       416    0.4851     0.724    0.7003    0.4177   0.03265   0.06473  0.004519
    95/299     1.92G   0.04056    0.0752  0.004814    0.1206        23       416    0.3918    0.7239    0.6913    0.4087   0.03332   0.06649  0.005992
    96/299     1.92G   0.04198    0.0775  0.004806    0.1243        21       416    0.4958     0.724     0.693    0.4071   0.03346    0.0643  0.005286
    97/299     1.92G   0.04066    0.0754  0.004842    0.1209        14       416    0.4463    0.7482    0.7069    0.4168   0.03316   0.06548  0.006778
    98/299     1.92G   0.04078   0.07849  0.004923    0.1242        22       416    0.5115     0.724    0.7029    0.4251   0.03283    0.0633  0.004387
    99/299     1.92G   0.04046   0.07498  0.004638    0.1201         8       416    0.4695     0.727    0.7072    0.4211   0.03274   0.06408  0.006725
   100/299     1.92G   0.04111   0.07715  0.004734     0.123         3       416    0.4984    0.7475    0.7061    0.4215   0.03323   0.06511  0.006364
   101/299     1.92G   0.04111   0.07593  0.004712    0.1218        15       416    0.4759    0.7218    0.7042    0.4255   0.03242   0.06433  0.004662
   102/299     1.92G   0.04134   0.07657  0.004997    0.1229         4       416    0.4667    0.7256    0.7027    0.4313   0.03178   0.06273  0.005703
   103/299     1.92G   0.04055   0.07622  0.004869    0.1216         4       416    0.4957    0.7404    0.7056     0.423   0.03266    0.0646  0.005665
   104/299     1.92G   0.04087    0.0759  0.005073    0.1218        12       416    0.5474    0.7165    0.7006    0.4165   0.03233   0.06434  0.004837
   105/299     1.92G   0.04024   0.07333  0.004797    0.1184        12       416     0.493    0.7261    0.7063    0.4209   0.03274   0.06399  0.005379
   106/299     1.92G    0.0411   0.07483  0.005006    0.1209         6       416    0.4774    0.7186    0.6998    0.4118   0.03274   0.06321  0.005396
   107/299     1.92G   0.04024   0.07604   0.00482    0.1211         9       416    0.4472    0.7256    0.6995     0.416   0.03297   0.06577  0.004401
   108/299     1.92G   0.04035   0.07583  0.004614    0.1208        21       416    0.5752    0.7088    0.6956    0.4208   0.03136   0.06508  0.005556
   109/299     1.92G   0.03983   0.07675  0.005068    0.1217         6       416    0.5096    0.7504    0.7163    0.4312   0.03173   0.06328  0.004125
   110/299     1.92G   0.04016    0.0754  0.004954    0.1205        13       416    0.4813    0.7388    0.7016    0.4194   0.03142   0.06353  0.006189
   111/299     1.92G   0.04021   0.07466  0.004898    0.1198        14       416    0.4571    0.7367    0.7149    0.4361   0.03217   0.06425  0.004155
   112/299     1.92G   0.04081   0.07749  0.004968    0.1233         6       416    0.4737    0.7379    0.7051     0.432   0.03192   0.06373  0.003958
   113/299     1.92G   0.04108   0.07446  0.005007    0.1206         2       416    0.5087    0.7122     0.701    0.4196   0.03258   0.06454  0.007023
   114/299     1.92G   0.03992   0.07539  0.004871    0.1202        11       416    0.5313    0.7292    0.7076    0.4284   0.03184   0.06247  0.005021
   115/299     1.92G   0.04052   0.07573  0.004769     0.121        19       416    0.4888    0.7408    0.7119    0.4336   0.03197   0.06362  0.004871
   116/299     1.92G   0.04074   0.07592  0.004892    0.1215        21       416     0.507    0.7229    0.7133    0.4257   0.03217   0.06318  0.006102
   117/299     1.92G   0.03952   0.07307  0.004575    0.1172        18       416    0.4828      0.74    0.7129    0.4272   0.03166   0.06417  0.005685
   118/299     1.92G   0.04013   0.07491  0.004849    0.1199         8       416    0.4663    0.7283    0.6955    0.4249   0.03206   0.06494  0.005341
   119/299     1.92G   0.03959   0.07247  0.004623    0.1167        11       416    0.4835    0.7078       0.7    0.4255   0.03158   0.06328  0.006574
   120/299     1.92G   0.04013     0.075  0.004661    0.1198         3       416    0.4782    0.7162    0.6954    0.4275   0.03166   0.06523  0.006887
   121/299     1.92G   0.04032   0.07559  0.004373    0.1203        19       416    0.5153    0.7179    0.7006    0.4314   0.03152   0.06324  0.004539
   122/299     1.92G   0.03918   0.07312  0.004188    0.1165        18       416    0.4839    0.7372    0.7105    0.4268    0.0319   0.06329  0.004268
   123/299     1.92G    0.0393   0.07441  0.004562    0.1183        15       416    0.5252    0.7347    0.7086    0.4345    0.0309   0.06272  0.004835
   124/299     1.92G   0.03904   0.07415  0.004557    0.1177        13       416    0.5189    0.7447      0.72    0.4354   0.03067   0.06296  0.004716
   125/299     1.92G   0.03944   0.07208  0.004535    0.1161        13       416    0.5225    0.7393    0.7217    0.4398   0.03118   0.06383  0.003812
   126/299     1.92G   0.03938   0.07361  0.004387    0.1174         8       416    0.4992    0.7463      0.71    0.4337   0.03146   0.06212  0.006468
   127/299     1.92G   0.03991   0.07302   0.00447    0.1174        19       416    0.5458    0.7138    0.7006    0.4201    0.0317    0.0627   0.00641
   128/299     1.92G   0.03941   0.07473  0.004541    0.1187        10       416    0.4696    0.7249    0.7035    0.4256   0.03073    0.0649  0.005231
   129/299     1.92G   0.03984   0.07584  0.004439    0.1201        13       416    0.5415    0.7046    0.7028    0.4307   0.03126   0.06211  0.005805
   130/299     1.92G   0.03965   0.07575  0.004319    0.1197        16       416    0.5011    0.7229    0.7049    0.4358   0.03163    0.0638  0.005923
   131/299     1.92G   0.03955   0.07422  0.004417    0.1182         1       416    0.5011    0.7167    0.6968    0.4247   0.03098   0.06388  0.004929
   132/299     1.92G   0.03947   0.07323  0.004078    0.1168        13       416    0.5201    0.7167    0.7006    0.4412   0.03084   0.06243     0.005
   133/299     1.92G   0.03949   0.07359  0.004333    0.1174        14       416    0.5324    0.7372    0.7188    0.4511   0.03041   0.06261  0.004282
   134/299     1.92G   0.03937   0.07064  0.004879    0.1149        16       416    0.6008    0.6912    0.6858    0.4302   0.03102   0.06346  0.005324
   135/299     1.92G   0.03979   0.07356  0.004532    0.1179        29       416    0.5057    0.7422    0.7165    0.4423   0.03109   0.06253  0.004867
   136/299     1.92G   0.03987   0.07361  0.004621    0.1181        19       416    0.5603    0.7507    0.7262     0.445   0.03061    0.0616  0.004409
   137/299     1.92G   0.03827   0.07187  0.004239    0.1144         6       416    0.5503    0.7347    0.7137    0.4421   0.03137   0.06249  0.005832
   138/299     1.92G   0.03853   0.07118  0.004498    0.1142        11       416    0.4899    0.7278    0.6964    0.4318   0.03109   0.06235   0.00631
   139/299     1.92G   0.03833   0.07337  0.004027    0.1157         9       416    0.4986    0.7292    0.7058    0.4446   0.03029   0.06216   0.00546
   140/299     1.92G   0.03872   0.07188  0.004209    0.1148         9       416    0.5551    0.7278     0.718    0.4447   0.03084   0.06278  0.004247
   141/299     1.92G   0.03952   0.07344  0.004575    0.1175         4       416    0.5365    0.7237    0.7033    0.4386   0.03108   0.06252  0.005256
   142/299     1.92G   0.03854   0.07408  0.004129    0.1168        24       416    0.5094     0.741    0.7189    0.4476   0.03023   0.06249  0.004382
   143/299     1.92G   0.03857    0.0717  0.004368    0.1146         9       416    0.4755    0.7586    0.7246    0.4418   0.03023   0.06255  0.003909
   144/299     1.92G   0.03944   0.07372  0.004433    0.1176        15       416    0.5063    0.7359    0.7225    0.4443   0.03029   0.06233  0.004915
   145/299     1.92G   0.03884   0.07174  0.004218    0.1148        19       416    0.5334    0.7386     0.709    0.4437   0.03032    0.0628  0.005638
   146/299     1.92G    0.0383   0.07119  0.004184    0.1137         2       416    0.5362    0.7181    0.7123    0.4442   0.03002   0.06276  0.004796
   147/299     1.92G   0.03889   0.07079  0.004088    0.1138        18       416    0.5023    0.7251    0.7178    0.4356   0.03064   0.06327  0.005512
   148/299     1.92G   0.03843   0.07232  0.004202     0.115         6       416    0.5241    0.7545    0.7292    0.4437   0.03026   0.06292  0.004895
   149/299     1.92G   0.03852   0.07281  0.004222    0.1156        13       416    0.5353    0.7051     0.717    0.4417   0.03038   0.06291  0.004479
   150/299     1.92G   0.03861   0.07042  0.003967     0.113        14       416    0.4932    0.7224    0.7187    0.4416   0.03101   0.06345   0.00497
   151/299     1.92G   0.03887   0.07312  0.004154    0.1161        33       416    0.5897    0.7188      0.72    0.4425   0.03054   0.06224  0.004553
   152/299     1.92G   0.03942   0.07389    0.0041    0.1174         2       416    0.4929    0.7451     0.724    0.4403   0.03072   0.06265  0.004678
   153/299     1.92G   0.03849   0.07303   0.00433    0.1159         6       416    0.5442    0.7497    0.7374    0.4562   0.03016   0.06155  0.004693
   154/299     1.92G   0.03864   0.07268  0.004442    0.1158        13       416    0.4862    0.7362    0.7246    0.4506   0.02934   0.06248  0.004512
   155/299     1.92G   0.03764   0.07071  0.004228    0.1126        15       416    0.5231     0.716    0.7161    0.4382   0.03043   0.06291  0.004949
   156/299     1.92G   0.03866   0.07171  0.004093    0.1145        20       416    0.5293    0.7491    0.7295    0.4491    0.0306   0.06161  0.005258
   157/299     1.92G   0.03792   0.07162   0.00381    0.1134         5       416    0.5029     0.739    0.7166    0.4478   0.02962    0.0618  0.005422
   158/299     1.92G    0.0382   0.07048   0.00372    0.1124         5       416    0.5332    0.7162    0.7073    0.4407   0.03065   0.06259  0.006239
   159/299     1.92G   0.03744   0.07137  0.003855    0.1127         7       416    0.5264    0.7321    0.7171    0.4399   0.03045   0.06211  0.005045
   160/299     1.92G   0.03736   0.07075   0.00397    0.1121        11       416    0.5438    0.7374     0.726    0.4483   0.02971    0.0617  0.005578
   161/299     1.92G    0.0376   0.06972  0.003915    0.1112         3       416    0.5738    0.7231    0.7202    0.4495   0.03072   0.06174  0.005069
   162/299     1.92G   0.03785   0.07144  0.003912    0.1132        18       416     0.508      0.74    0.7162    0.4422   0.03103     0.062  0.005399
   163/299     1.92G    0.0381    0.0722  0.004169    0.1145         7       416     0.538    0.7335    0.7136    0.4424   0.02997   0.06203  0.006096
   164/299     1.92G    0.0378   0.07178  0.003813    0.1134         9       416    0.5353     0.734    0.7125    0.4447   0.03064    0.0615  0.006703
   165/299     1.92G   0.03718   0.07197  0.003977    0.1131        30       416    0.5327    0.7292    0.7189    0.4419   0.03058   0.06183  0.006248
   166/299     1.92G   0.03784   0.07108  0.003869    0.1128        15       416    0.5408     0.727    0.7121    0.4427   0.03011   0.06275  0.006137
   167/299     1.92G   0.03738   0.06867  0.003955      0.11        12       416    0.5622    0.7167    0.7208    0.4543   0.02968     0.062  0.005071
   168/299     1.92G   0.03724    0.0707  0.003708    0.1116        12       416    0.5699     0.735    0.7241    0.4488   0.03001   0.06259  0.004812
   169/299     1.92G   0.03682   0.07027  0.003618    0.1107        10       416    0.5213    0.7215    0.7146    0.4435   0.03023   0.06219  0.005047
   170/299     1.92G   0.03716   0.06885  0.003907    0.1099        17       416    0.5842    0.7222    0.7218    0.4505   0.03018   0.06289   0.00464
   171/299     1.92G   0.03769    0.0705  0.003742    0.1119        26       416    0.5379    0.7135    0.7076    0.4431   0.03002   0.06341  0.006037
   172/299     1.92G   0.03733   0.06908  0.003883    0.1103        16       416     0.569    0.7203    0.7079     0.444   0.03095   0.06255  0.005896
   173/299     1.92G   0.03733   0.07033  0.003915    0.1116         8       416    0.5636    0.7278    0.7177    0.4499   0.03053   0.06205  0.006381
   174/299     1.92G   0.03664   0.07163  0.003741     0.112        19       416    0.5276     0.734    0.7165    0.4474   0.03021   0.06204  0.005113
   175/299     1.92G   0.03761   0.07225  0.003797    0.1137         9       416    0.5143    0.7321    0.7208    0.4486   0.03008     0.062  0.004683
   176/299     1.92G   0.03727   0.07042  0.003809    0.1115        31       416    0.5347    0.7468     0.727    0.4528   0.03049   0.06151   0.00515
   177/299     1.92G   0.03707   0.07028  0.003654     0.111         6       416     0.584    0.7359    0.7253    0.4517   0.03017    0.0627  0.005381
   178/299     1.92G   0.03682   0.06969   0.00366    0.1102        14       416     0.564     0.734    0.7275    0.4563   0.03025   0.06255  0.003824
   179/299     1.92G   0.03622   0.06877  0.003573    0.1086         6       416    0.5545    0.7215    0.7192    0.4482      0.03   0.06215  0.005703
   180/299     1.92G   0.03665   0.07101  0.003818    0.1115        17       416    0.5337    0.7449    0.7338    0.4618   0.02975   0.06238  0.003796
   181/299     1.92G   0.03675   0.06972  0.003718    0.1102        11       416    0.5464    0.7518    0.7286    0.4569   0.02952    0.0626  0.005578
   182/299     1.92G   0.03707   0.06872  0.003776    0.1096         5       416    0.5536     0.742    0.7212    0.4421   0.02994   0.06189  0.005812
   183/299     1.92G   0.03727   0.06959  0.003934    0.1108         5       416    0.5887    0.7318     0.726    0.4575   0.02949   0.06232  0.004237
   184/299     1.92G   0.03625    0.0694   0.00362    0.1093        25       416    0.5408    0.7388    0.7234    0.4479   0.02941   0.06201  0.004398
   185/299     1.92G   0.03676   0.06969  0.003483    0.1099        17       416    0.5485    0.7429    0.7297    0.4467   0.02971   0.06235  0.004805
   186/299     1.92G   0.03655    0.0682  0.003556    0.1083         6       416    0.5658    0.7381    0.7298    0.4539    0.0301   0.06216  0.003762
   187/299     1.92G    0.0359   0.06822  0.003519    0.1076         6       416    0.5685    0.7299    0.7251     0.457    0.0296   0.06235  0.003801
   188/299     1.92G   0.03621   0.06828  0.003495     0.108        10       416    0.5323    0.7304    0.7252    0.4577   0.02972   0.06221  0.003988
   189/299     1.92G   0.03613   0.06787  0.003615    0.1076         6       416    0.5224    0.7273    0.7167    0.4478   0.02981   0.06253  0.004298
   190/299     1.92G    0.0362   0.06775  0.003619    0.1076         9       416    0.5495    0.7191    0.7101    0.4528   0.02981   0.06184  0.004682
   191/299     1.92G   0.03623   0.06861  0.003414    0.1083         4       416    0.5424    0.7162    0.7138    0.4493   0.02991   0.06217  0.005024
   192/299     1.92G   0.03671   0.07161  0.003644     0.112        24       416    0.5712    0.7338    0.7257     0.457   0.02994   0.06257  0.005355
   193/299     1.92G   0.03658   0.07044  0.003337    0.1103         7       416    0.5526    0.7456    0.7284    0.4588   0.02975   0.06192  0.005005
   194/299     1.92G   0.03555   0.06761  0.003509    0.1067        25       416    0.5447    0.7208     0.721     0.457   0.02972   0.06152  0.004813
   195/299     1.92G   0.03538   0.06985  0.003576    0.1088         1       416    0.5202    0.7347    0.7244    0.4612   0.02957   0.06129  0.004505
   196/299     1.92G   0.03539   0.06769  0.003175    0.1063        11       416    0.5568    0.7231    0.7226    0.4568      0.03   0.06171  0.004892
   197/299     1.92G   0.03649   0.06981  0.003574    0.1099        12       416    0.5526    0.7174    0.7193    0.4568   0.03015   0.06261  0.004921
   198/299     1.92G   0.03567   0.06838  0.003384    0.1074         9       416     0.534    0.7176    0.7178    0.4562   0.02985   0.06264  0.004685
   199/299     1.92G   0.03583   0.06929  0.003336    0.1085        10       416    0.5447    0.7237    0.7168    0.4514   0.03028    0.0626  0.004822
   200/299     1.92G   0.03598   0.06827  0.003476    0.1077         6       416     0.553     0.721    0.7191    0.4556   0.02985   0.06155  0.004889
   201/299     1.92G   0.03594   0.06676  0.003352    0.1061        10       416    0.5755    0.7326     0.721    0.4523   0.03028   0.06182  0.004506
   202/299     1.92G    0.0368     0.069  0.003487    0.1093         7       416    0.5694     0.724    0.7214     0.459   0.02978   0.06112   0.00493
   203/299     1.92G   0.03586   0.06747  0.003583    0.1069        10       416     0.532    0.7287    0.7248    0.4623   0.02979   0.06135  0.004352
   204/299     1.92G   0.03572   0.06722  0.003705    0.1066         5       416      0.55     0.728    0.7274    0.4652   0.02932   0.06097   0.00433
   205/299     1.92G   0.03594   0.06812  0.003256    0.1073         3       416    0.5371    0.7354    0.7247     0.464   0.02982    0.0613  0.004301
   206/299     1.92G   0.03566   0.06819  0.003241    0.1071        15       416    0.5624    0.7415    0.7242    0.4626   0.02979   0.06179  0.004418
   207/299     1.92G   0.03537   0.06885  0.003246    0.1075         7       416    0.5672    0.7511    0.7324    0.4592   0.03053   0.06159  0.004275
   208/299     1.92G    0.0358   0.06883  0.003471    0.1081         8       416     0.573    0.7326    0.7252     0.458   0.03008   0.06174  0.004656
   209/299     1.92G   0.03557   0.06742  0.003544    0.1065         8       416    0.5675    0.7456    0.7306    0.4625   0.02968   0.06131  0.004882
   210/299     1.92G   0.03517   0.06774  0.003376    0.1063         8       416    0.5398    0.7326    0.7262    0.4593   0.02996    0.0617  0.004653
   211/299     1.92G   0.03528   0.06717  0.003111    0.1056         2       416    0.5341    0.7237    0.7185    0.4602   0.02999    0.0618  0.005165
   212/299     1.92G   0.03519   0.06681  0.003232    0.1052         8       416    0.5629    0.7133    0.7222    0.4597   0.02983   0.06197  0.004644
   213/299     1.92G   0.03505   0.06647  0.003167    0.1047        24       416    0.5779    0.7133    0.7248    0.4668   0.02965   0.06183  0.004386
   214/299     1.92G   0.03471   0.06568   0.00316    0.1035        17       416    0.5658    0.7237    0.7286    0.4684   0.02966   0.06148  0.004244
   215/299     1.92G   0.03469   0.06616  0.002944    0.1038         6       416    0.5725    0.7244    0.7279     0.459   0.02953    0.0615   0.00446
   216/299     1.92G   0.03501   0.06612  0.003083    0.1042        11       416    0.5601    0.7315    0.7307    0.4588   0.02973   0.06165  0.004037
   217/299     1.92G   0.03512   0.06912  0.002956    0.1072        30       416    0.5537    0.7367    0.7323    0.4597    0.0296   0.06184  0.003999
   218/299     1.92G   0.03417   0.06602  0.003185    0.1034        14       416    0.5768     0.741    0.7345     0.465   0.02951   0.06171   0.00395
   219/299     1.92G   0.03492     0.067   0.00292    0.1048        16       416    0.5903    0.7441    0.7359    0.4637   0.02946   0.06152  0.004096
   220/299     1.92G   0.03467    0.0657  0.003109    0.1035        35       416    0.5674    0.7347    0.7347    0.4636   0.02938   0.06168   0.00434
   221/299     1.92G   0.03555   0.06679    0.0031    0.1054         4       416     0.559    0.7311    0.7316    0.4578   0.02955   0.06217   0.00433
   222/299     1.92G   0.03495   0.06587  0.002869    0.1037        16       416    0.5661    0.7326    0.7256    0.4591   0.02927   0.06207  0.004473
   223/299     1.92G   0.03425   0.06378  0.003258    0.1013        10       416    0.5696    0.7244    0.7216    0.4586   0.02921   0.06186  0.004185
   224/299     1.92G   0.03467   0.06651  0.003021    0.1042        12       416    0.5682    0.7321    0.7287     0.459   0.02916   0.06182  0.004547
   225/299     1.92G   0.03507   0.06785  0.002915    0.1058         5       416    0.5642    0.7417    0.7282    0.4579   0.02942   0.06163  0.004805
   226/299     1.92G   0.03464   0.06471  0.003054    0.1024        23       416     0.561    0.7313    0.7314    0.4641    0.0291   0.06187  0.004368
   227/299     1.92G   0.03473   0.06666   0.00362     0.105         6       416    0.5582    0.7362    0.7339    0.4659   0.02925    0.0617  0.004284
   228/299     1.92G   0.03424   0.06635  0.003174    0.1038        15       416    0.5602    0.7294     0.733     0.459   0.02945    0.0616  0.004321
   229/299     1.92G   0.03464   0.06442  0.003261    0.1023        13       416    0.5561    0.7364    0.7317    0.4602   0.02959   0.06201  0.004017
   230/299     1.92G   0.03364   0.06401   0.00294    0.1006         2       416    0.5543    0.7397     0.739    0.4659   0.02964   0.06187  0.004308
   231/299     1.92G   0.03426   0.06557  0.003064    0.1029        21       416      0.56    0.7328    0.7284    0.4606   0.02952    0.0621   0.00437
   232/299     1.92G   0.03432   0.06535   0.00315    0.1028         4       416     0.565    0.7246    0.7256    0.4661   0.02948   0.06201  0.004234
   233/299     1.92G   0.03418   0.06649   0.00299    0.1037        13       416    0.5605    0.7224    0.7242    0.4632   0.02951   0.06251  0.004262
   234/299     1.92G     0.034   0.06428  0.002763     0.101        15       416    0.5789    0.7469    0.7402    0.4678   0.02957   0.06196  0.004423
   235/299     1.92G   0.03423   0.06503  0.002994    0.1023         7       416    0.5946    0.7424    0.7358    0.4671   0.02959   0.06175   0.00455
   236/299     1.92G   0.03365   0.06446  0.002611    0.1007        36       416    0.5819    0.7443    0.7368    0.4663   0.02957   0.06165  0.004222
   237/299     1.92G   0.03392   0.06391  0.002907    0.1007        15       416     0.582     0.741    0.7312    0.4572   0.02954   0.06228  0.004202
   238/299     1.92G   0.03372   0.06437   0.00259    0.1007         7       416    0.5673     0.752    0.7362    0.4612   0.02938   0.06238  0.004084
   239/299     1.92G   0.03393   0.06386  0.003078    0.1009        11       416    0.5749    0.7376    0.7343    0.4645   0.02909   0.06254  0.004206
   240/299     1.92G   0.03367   0.06403  0.002876    0.1006        15       416    0.5755    0.7381    0.7377    0.4667    0.0291   0.06214  0.004167
   241/299     1.92G   0.03327   0.06475  0.002748    0.1008        14       416    0.5672    0.7456    0.7374    0.4662   0.02896   0.06183  0.004023
   242/299     1.92G   0.03395   0.06548  0.002681    0.1021        19       416    0.5676    0.7415    0.7378    0.4626   0.02931   0.06182  0.004143
   243/299     1.92G   0.03396   0.06367  0.002583    0.1002        26       416    0.5587    0.7362    0.7361    0.4638   0.02917   0.06188   0.00434
   244/299     1.92G   0.03354   0.06501  0.002869    0.1014        18       416    0.5846    0.7278    0.7331    0.4651   0.02916   0.06242  0.004163
   245/299     1.92G   0.03357   0.06552  0.003155    0.1022        46       416    0.5866    0.7328    0.7379    0.4694   0.02951   0.06194   0.00412
   246/299     1.92G   0.03369   0.06605  0.002711    0.1024         9       416    0.5948    0.7326    0.7353     0.468   0.02932   0.06192   0.00407
   247/299     1.92G   0.03371   0.06404  0.002968    0.1007         4       416    0.5704    0.7287    0.7305    0.4655   0.02961   0.06206  0.003986
   248/299     1.92G    0.0337   0.06424  0.002931    0.1009         4       416    0.5602     0.728    0.7284    0.4647   0.02957   0.06176  0.004139
   249/299     1.92G   0.03304   0.06451   0.00271    0.1003        20       416    0.5724    0.7294    0.7286    0.4645   0.02975   0.06149   0.00451
   250/299     1.92G   0.03373   0.06418  0.002686    0.1006         4       416    0.5641    0.7287    0.7301    0.4644   0.03004   0.06152  0.004485
   251/299     1.92G   0.03354   0.06506  0.002689    0.1013        30       416    0.5648    0.7212    0.7284    0.4599   0.03006   0.06188  0.004458
   252/299     1.92G   0.03384   0.06501  0.002663    0.1015         7       416    0.5719    0.7142    0.7252    0.4626   0.03023   0.06201  0.004654
   253/299     1.92G   0.03318   0.06351  0.002654   0.09934         9       416    0.5651    0.7328    0.7352    0.4668   0.02988    0.0619  0.004275
   254/299     1.92G   0.03297   0.06266  0.002739   0.09838         9       416    0.5752    0.7321    0.7373    0.4674   0.02993   0.06207  0.004253
   255/299     1.92G   0.03278   0.06452  0.002689   0.09999         8       416     0.577    0.7355    0.7405    0.4705   0.02991    0.0619  0.004095
   256/299     1.92G   0.03256     0.064  0.002481   0.09904        23       416    0.5743    0.7347    0.7369    0.4653   0.03005   0.06175   0.00414
   257/299     1.92G   0.03325   0.06472  0.002631    0.1006         9       416    0.5638    0.7362     0.737    0.4662      0.03   0.06179  0.004263
   258/299     1.92G   0.03314   0.06368  0.002745   0.09957         5       416    0.5472    0.7287    0.7347    0.4673   0.03007   0.06209  0.004307
   259/299     1.92G   0.03274   0.06387  0.002481   0.09909         6       416    0.5547    0.7246    0.7315     0.468   0.03017   0.06232  0.004302
   260/299     1.92G   0.03294   0.06159    0.0028   0.09733         7       416    0.5646    0.7294    0.7301    0.4684   0.03006   0.06221  0.004148
   261/299     1.92G   0.03297   0.06285  0.002942   0.09876        11       416    0.5853    0.7294    0.7306    0.4674    0.0298   0.06223  0.004097
   262/299     1.92G   0.03307   0.06301  0.002797   0.09888         4       416    0.5738    0.7383    0.7333    0.4658   0.02969   0.06226  0.004191
   263/299     1.92G   0.03311   0.06345  0.002639    0.0992        10       416    0.5719    0.7308    0.7286    0.4688   0.02983   0.06219  0.004448
   264/299     1.92G   0.03241   0.06275  0.002497   0.09766         4       416    0.5775    0.7287    0.7306    0.4714   0.02979   0.06186  0.004248
   265/299     1.92G   0.03254   0.06287  0.002765   0.09817         7       416    0.5688     0.728    0.7358    0.4696    0.0299   0.06168  0.004025
   266/299     1.92G   0.03296   0.06106  0.002888    0.0969         6       416     0.574    0.7335    0.7331    0.4688   0.02993   0.06189  0.003892
   267/299     1.92G   0.03303   0.06172  0.003157   0.09791         2       416    0.5817    0.7397     0.736    0.4706   0.02975    0.0622   0.00396
   268/299     1.92G   0.03282   0.06326  0.002605   0.09868        13       416    0.5789    0.7424    0.7409    0.4735   0.02987   0.06208  0.003883
   269/299     1.92G    0.0327   0.06377  0.002584   0.09905        17       416    0.5996     0.746    0.7405    0.4752   0.02996   0.06204   0.00392
   270/299     1.92G   0.03246   0.06376  0.002568    0.0988        26       416    0.5854    0.7328    0.7371    0.4724   0.02994   0.06211  0.003885
   271/299     1.92G   0.03237   0.06127  0.002697   0.09634        14       416    0.5763    0.7328    0.7354    0.4693   0.02981   0.06206  0.003937
   272/299     1.92G   0.03264   0.06434  0.002524    0.0995        35       416    0.5693    0.7301    0.7349    0.4711    0.0298   0.06199  0.003944
   273/299     1.92G   0.03263   0.06292   0.00254   0.09809         4       416    0.5731    0.7328    0.7366     0.469   0.02981   0.06171  0.003921
   274/299     1.92G   0.03232   0.06186  0.002221    0.0964         9       416     0.583     0.728    0.7325    0.4686   0.02959   0.06164  0.003949
   275/299     1.92G   0.03237   0.06389  0.002491   0.09875        64       416    0.5784    0.7306    0.7345    0.4696   0.02951   0.06181  0.004026
   276/299     1.92G   0.03268   0.06293  0.002549   0.09816        20       416     0.569     0.721     0.731    0.4704   0.02939   0.06184  0.003958
   277/299     1.92G   0.03303   0.06271  0.002539   0.09828         4       416    0.5713    0.7258    0.7313    0.4718   0.02947   0.06177  0.004125
   278/299     1.92G   0.03261    0.0625  0.002319   0.09743        14       416    0.5714    0.7155    0.7261     0.468   0.02953   0.06173  0.004328
   279/299     1.92G   0.03255   0.06103   0.00258   0.09615         7       416    0.5792     0.719    0.7275    0.4687   0.02943   0.06162  0.004328
   280/299     1.92G   0.03242    0.0634  0.002354   0.09817         9       416    0.5805    0.7246    0.7273    0.4708   0.02944   0.06172  0.004183
   281/299     1.92G   0.03182   0.06207  0.002454   0.09634        17       416    0.5664    0.7205    0.7301    0.4747   0.02927   0.06177  0.004111
   282/299     1.92G   0.03239    0.0631  0.002491   0.09799        16       416    0.5792    0.7205    0.7314    0.4704   0.02931   0.06191  0.004154
   283/299     1.92G   0.03243   0.06265  0.002637   0.09771        34       416     0.576    0.7239    0.7257    0.4711   0.02931   0.06204  0.004282
   284/299     1.92G   0.03195   0.06214   0.00251   0.09661        14       416    0.5862    0.7238    0.7272    0.4677   0.02927   0.06187  0.004408
   285/299     1.92G   0.03198   0.06209  0.002452   0.09652        17       416    0.5902    0.7362    0.7295    0.4731   0.02922   0.06175  0.004322
   286/299     1.92G   0.03188   0.06087  0.002449    0.0952        31       416    0.5846    0.7342    0.7333    0.4737   0.02928    0.0615  0.004305
   287/299     1.92G   0.03178   0.06094  0.002509   0.09523         6       416    0.5891    0.7383    0.7364    0.4727   0.02935   0.06152  0.004198
   288/299     1.92G   0.03231   0.06086  0.002432   0.09561        14       416    0.5879    0.7287    0.7357    0.4727    0.0294   0.06156  0.004172
   289/299     1.92G   0.03233   0.06227  0.002338   0.09694        20       416    0.6009    0.7304    0.7337    0.4707   0.02948    0.0618  0.004149
   290/299     1.92G   0.03223   0.06143  0.002369   0.09603         5       416    0.5854    0.7367    0.7356    0.4721   0.02948   0.06171  0.004093
   291/299     1.92G   0.03163   0.06022  0.002434   0.09428         8       416    0.5818    0.7292    0.7348    0.4709   0.02959   0.06176  0.004097
   292/299     1.92G   0.03201   0.06154  0.002157   0.09571         7       416     0.584    0.7244    0.7307    0.4703   0.02975   0.06184  0.004176
   293/299     1.92G     0.032   0.06214  0.002391   0.09653        19       416    0.5798    0.7326    0.7307    0.4706   0.02981   0.06197  0.004127
   294/299     1.92G   0.03172   0.06003  0.002378   0.09412        19       416    0.5852    0.7326    0.7338    0.4705   0.02992    0.0618   0.00435
   295/299     1.92G   0.03224   0.06209  0.002313   0.09664         4       416      0.59    0.7354    0.7356     0.472   0.02984   0.06169  0.004366
   296/299     1.92G   0.03226   0.06041  0.002468   0.09514        13       416    0.5904    0.7311    0.7367      0.47   0.02984   0.06165  0.004332
   297/299     1.92G   0.03165   0.06145  0.002464   0.09556        56       416    0.5899    0.7333    0.7339    0.4718   0.02982   0.06166  0.004143
   298/299     1.92G    0.0318   0.06342  0.002661   0.09788         3       416    0.5925    0.7299     0.737    0.4718   0.02975   0.06176  0.004075
   299/299     1.92G   0.03206   0.06446  0.002342   0.09886         6       416    0.6015    0.7272    0.7388    0.4739   0.02969   0.06175  0.004164
